Windows Registry Editor Version 5.00

[HKEY_LOCAL_MACHINE\Tmp_Software\Classes\.doc]
@="TextFile"

[HKEY_LOCAL_MACHINE\Tmp_Software\Classes\.rtf]
@="TextFile"

[HKEY_LOCAL_MACHINE\Tmp_Software\Classes\.wri]
@="TextFile"

[HKEY_LOCAL_MACHINE\Tmp_Software\Classes\.v4w]
@="TextFile"

[HKEY_LOCAL_MACHINE\Tmp_Software\Classes\.wpc]
@="TextFile"

[HKEY_LOCAL_MACHINE\Tmp_Software\Classes\.docx]
@="TextFile"

[HKEY_LOCAL_MACHINE\Tmp_Software\Classes\.odt]
@="TextFile"

[HKEY_LOCAL_MACHINE\Tmp_Software\Classes\.jw]
@="TextFile"

[HKEY_LOCAL_MACHINE\Tmp_Software\Classes\.jpg]
@="PhotoViewer.FileAssoc.Tiff"

[HKEY_LOCAL_MACHINE\Tmp_Software\Classes\.jpeg]
@="PhotoViewer.FileAssoc.Tiff"

[HKEY_LOCAL_MACHINE\Tmp_Software\Classes\.gif]
@="PhotoViewer.FileAssoc.Tiff"

[HKEY_LOCAL_MACHINE\Tmp_Software\Classes\.png]
@="PhotoViewer.FileAssoc.Tiff"

[HKEY_LOCAL_MACHINE\Tmp_Software\Classes\.bmp]
@="PhotoViewer.FileAssoc.Tiff"

[HKEY_LOCAL_MACHINE\Tmp_Software\Classes\.tiff]
@="PhotoViewer.FileAssoc.Tiff"

[HKEY_LOCAL_MACHINE\Tmp_Software\Classes\.ico]
@="PhotoViewer.FileAssoc.Tiff"

[HKEY_LOCAL_MACHINE\Tmp_Software\Classes\PhotoViewer.FileAssoc.Tiff]
"FriendlyTypeName"=hex(2):40,00,25,00,50,00,72,00,6f,00,67,00,72,00,61,00,6d,\
  00,46,00,69,00,6c,00,65,00,73,00,25,00,5c,00,57,00,69,00,6e,00,64,00,6f,00,\
  77,00,73,00,20,00,50,00,68,00,6f,00,74,00,6f,00,20,00,56,00,69,00,65,00,77,\
  00,65,00,72,00,5c,00,50,00,68,00,6f,00,74,00,6f,00,56,00,69,00,65,00,77,00,\
  65,00,72,00,2e,00,64,00,6c,00,6c,00,2c,00,2d,00,33,00,30,00,35,00,38,00,00,\
  00
"ImageOptionFlags"=dword:00000001

[HKEY_LOCAL_MACHINE\Tmp_Software\Classes\PhotoViewer.FileAssoc.Tiff\DefaultIcon]
@="%SystemRoot%\\System32\\imageres.dll,-122"

[HKEY_LOCAL_MACHINE\Tmp_Software\Classes\PhotoViewer.FileAssoc.Tiff\shell]

[HKEY_LOCAL_MACHINE\Tmp_Software\Classes\PhotoViewer.FileAssoc.Tiff\shell\open]
"MuiVerb"=hex(2):40,00,25,00,50,00,72,00,6f,00,67,00,72,00,61,00,6d,00,46,00,\
  69,00,6c,00,65,00,73,00,25,00,5c,00,57,00,69,00,6e,00,64,00,6f,00,77,00,73,\
  00,20,00,50,00,68,00,6f,00,74,00,6f,00,20,00,56,00,69,00,65,00,77,00,65,00,\
  72,00,5c,00,70,00,68,00,6f,00,74,00,6f,00,76,00,69,00,65,00,77,00,65,00,72,\
  00,2e,00,64,00,6c,00,6c,00,2c,00,2d,00,33,00,30,00,34,00,33,00,00,00

[HKEY_LOCAL_MACHINE\Tmp_Software\Classes\PhotoViewer.FileAssoc.Tiff\shell\open\command]
@=hex(2):25,00,53,00,79,00,73,00,74,00,65,00,6d,00,52,00,6f,00,6f,00,74,00,25,\
  00,5c,00,53,00,79,00,73,00,74,00,65,00,6d,00,33,00,32,00,5c,00,72,00,75,00,\
  6e,00,64,00,6c,00,6c,00,33,00,32,00,2e,00,65,00,78,00,65,00,20,00,22,00,25,\
  00,50,00,72,00,6f,00,67,00,72,00,61,00,6d,00,46,00,69,00,6c,00,65,00,73,00,\
  25,00,5c,00,57,00,69,00,6e,00,64,00,6f,00,77,00,73,00,20,00,50,00,68,00,6f,\
  00,74,00,6f,00,20,00,56,00,69,00,65,00,77,00,65,00,72,00,5c,00,50,00,68,00,\
  6f,00,74,00,6f,00,56,00,69,00,65,00,77,00,65,00,72,00,2e,00,64,00,6c,00,6c,\
  00,22,00,2c,00,20,00,49,00,6d,00,61,00,67,00,65,00,56,00,69,00,65,00,77,00,\
  5f,00,46,00,75,00,6c,00,6c,00,73,00,63,00,72,00,65,00,65,00,6e,00,20,00,25,\
  00,31,00,00,00

[HKEY_LOCAL_MACHINE\Tmp_Software\Classes\PhotoViewer.FileAssoc.Tiff\shell\open\DropTarget]
"Clsid"="{FFE2A43C-56B9-4bf5-9A79-CC6D4285608A}"

[HKEY_LOCAL_MACHINE\Tmp_Software\Classes\textfile]
@="Text Document"
"EditFlags"=dword:00200000
"FriendlyTypeName"=hex(2):40,00,25,00,50,00,72,00,6f,00,67,00,72,00,61,00,6d,\
  00,46,00,69,00,6c,00,65,00,73,00,25,00,5c,00,57,00,69,00,6e,00,64,00,6f,00,\
  77,00,73,00,20,00,4e,00,54,00,5c,00,41,00,63,00,63,00,65,00,73,00,73,00,6f,\
  00,72,00,69,00,65,00,73,00,5c,00,57,00,4f,00,52,00,44,00,50,00,41,00,44,00,\
  2e,00,45,00,58,00,45,00,2c,00,2d,00,31,00,38,00,39,00,00,00

[HKEY_LOCAL_MACHINE\Tmp_Software\Classes\textfile\shell]

[HKEY_LOCAL_MACHINE\Tmp_Software\Classes\textfile\shell\open]

[HKEY_LOCAL_MACHINE\Tmp_Software\Classes\textfile\shell\open\command]
@=hex(2):22,00,25,00,50,00,72,00,6f,00,67,00,72,00,61,00,6d,00,46,00,69,00,6c,\
  00,65,00,73,00,25,00,5c,00,57,00,69,00,6e,00,64,00,6f,00,77,00,73,00,20,00,\
  4e,00,54,00,5c,00,41,00,63,00,63,00,65,00,73,00,73,00,6f,00,72,00,69,00,65,\
  00,73,00,5c,00,57,00,4f,00,52,00,44,00,50,00,41,00,44,00,2e,00,45,00,58,00,\
  45,00,22,00,20,00,22,00,25,00,31,00,22,00,00,00

[HKEY_LOCAL_MACHINE\Tmp_Software\Classes\textfile\shell\print]

[HKEY_LOCAL_MACHINE\Tmp_Software\Classes\textfile\shell\print\command]
@=hex(2):22,00,25,00,50,00,72,00,6f,00,67,00,72,00,61,00,6d,00,46,00,69,00,6c,\
  00,65,00,73,00,25,00,5c,00,57,00,69,00,6e,00,64,00,6f,00,77,00,73,00,20,00,\
  4e,00,54,00,5c,00,41,00,63,00,63,00,65,00,73,00,73,00,6f,00,72,00,69,00,65,\
  00,73,00,5c,00,57,00,4f,00,52,00,44,00,50,00,41,00,44,00,2e,00,45,00,58,00,\
  45,00,22,00,20,00,2f,00,70,00,20,00,22,00,25,00,31,00,22,00,00,00

[HKEY_LOCAL_MACHINE\Tmp_Software\Classes\textfile\shell\printto]

[HKEY_LOCAL_MACHINE\Tmp_Software\Classes\textfile\shell\printto\command]
@=hex(2):22,00,25,00,50,00,72,00,6f,00,67,00,72,00,61,00,6d,00,46,00,69,00,6c,\
  00,65,00,73,00,25,00,5c,00,57,00,69,00,6e,00,64,00,6f,00,77,00,73,00,20,00,\
  4e,00,54,00,5c,00,41,00,63,00,63,00,65,00,73,00,73,00,6f,00,72,00,69,00,65,\
  00,73,00,5c,00,57,00,4f,00,52,00,44,00,50,00,41,00,44,00,2e,00,45,00,58,00,\
  45,00,22,00,20,00,2f,00,70,00,74,00,20,00,22,00,25,00,31,00,22,00,20,00,22,\
  00,25,00,32,00,22,00,20,00,22,00,25,00,33,00,22,00,20,00,22,00,25,00,34,00,\
  22,00,00,00

;Fixed %ProgramFiles(x86)% in CLSID > %ProgramFiles%
[HKEY_LOCAL_MACHINE\Tmp_Software\Classes\CLSID\{00f20eb5-8fd6-4d9d-b75e-36801766c8f1}\InprocServer32]
@=hex(2):25,00,50,00,72,00,6f,00,67,00,72,00,61,00,6d,00,46,00,69,00,6c,00,65,\
  00,73,00,25,00,5c,00,57,00,69,00,6e,00,64,00,6f,00,77,00,73,00,20,00,50,00,\
  68,00,6f,00,74,00,6f,00,20,00,56,00,69,00,65,00,77,00,65,00,72,00,5c,00,50,\
  00,68,00,6f,00,74,00,6f,00,41,00,63,00,71,00,2e,00,64,00,6c,00,6c,00,00,00

[HKEY_LOCAL_MACHINE\Tmp_Software\Classes\CLSID\{00f210a1-62f0-438b-9f7e-9618d72a1831}\InprocServer32]
@=hex(2):25,00,50,00,72,00,6f,00,67,00,72,00,61,00,6d,00,46,00,69,00,6c,00,65,\
  00,73,00,25,00,5c,00,57,00,69,00,6e,00,64,00,6f,00,77,00,73,00,20,00,50,00,\
  68,00,6f,00,74,00,6f,00,20,00,56,00,69,00,65,00,77,00,65,00,72,00,5c,00,50,\
  00,68,00,6f,00,74,00,6f,00,41,00,63,00,71,00,2e,00,64,00,6c,00,6c,00,00,00

[HKEY_LOCAL_MACHINE\Tmp_Software\Classes\CLSID\{00f24ca0-748f-4e8a-894f-0e0357c6799f}\InprocServer32]
@=hex(2):25,00,50,00,72,00,6f,00,67,00,72,00,61,00,6d,00,46,00,69,00,6c,00,65,\
  00,73,00,25,00,5c,00,57,00,69,00,6e,00,64,00,6f,00,77,00,73,00,20,00,50,00,\
  68,00,6f,00,74,00,6f,00,20,00,56,00,69,00,65,00,77,00,65,00,72,00,5c,00,50,\
  00,68,00,6f,00,74,00,6f,00,41,00,63,00,71,00,2e,00,64,00,6c,00,6c,00,00,00

[HKEY_LOCAL_MACHINE\Tmp_Software\Classes\CLSID\{00f26e02-e9f2-4a9f-9fdd-5a962fb26a98}\InprocServer32]
@=hex(2):25,00,50,00,72,00,6f,00,67,00,72,00,61,00,6d,00,46,00,69,00,6c,00,65,\
  00,73,00,25,00,5c,00,57,00,69,00,6e,00,64,00,6f,00,77,00,73,00,20,00,50,00,\
  68,00,6f,00,74,00,6f,00,20,00,56,00,69,00,65,00,77,00,65,00,72,00,5c,00,50,\
  00,68,00,6f,00,74,00,6f,00,41,00,63,00,71,00,2e,00,64,00,6c,00,6c,00,00,00

[HKEY_LOCAL_MACHINE\Tmp_Software\Classes\CLSID\{00f29a34-b8a1-482c-bcf8-3ac7b0fe8f62}\InprocServer32]
@=hex(2):25,00,50,00,72,00,6f,00,67,00,72,00,61,00,6d,00,46,00,69,00,6c,00,65,\
  00,73,00,25,00,5c,00,57,00,69,00,6e,00,64,00,6f,00,77,00,73,00,20,00,50,00,\
  68,00,6f,00,74,00,6f,00,20,00,56,00,69,00,65,00,77,00,65,00,72,00,5c,00,50,\
  00,68,00,6f,00,74,00,6f,00,41,00,63,00,71,00,2e,00,64,00,6c,00,6c,00,00,00

[HKEY_LOCAL_MACHINE\Tmp_Software\Classes\CLSID\{00F2CE1E-935E-4248-892C-130F32C45CB4}\InProcServer32]
@=hex(2):25,00,50,00,72,00,6f,00,67,00,72,00,61,00,6d,00,46,00,69,00,6c,00,65,\
  00,73,00,25,00,5c,00,57,00,69,00,6e,00,64,00,6f,00,77,00,73,00,20,00,50,00,\
  68,00,6f,00,74,00,6f,00,20,00,56,00,69,00,65,00,77,00,65,00,72,00,5c,00,50,\
  00,68,00,6f,00,74,00,6f,00,41,00,63,00,71,00,2e,00,64,00,6c,00,6c,00,00,00

[HKEY_LOCAL_MACHINE\Tmp_Software\Classes\CLSID\{031EE060-67BC-460d-8847-E4A7C5E45A27}\LocalServer32]
"ServerExecutable"=hex(2):25,00,50,00,72,00,6f,00,67,00,72,00,61,00,6d,00,46,\
  00,69,00,6c,00,65,00,73,00,25,00,5c,00,57,00,69,00,6e,00,64,00,6f,00,77,00,\
  73,00,20,00,4d,00,65,00,64,00,69,00,61,00,20,00,50,00,6c,00,61,00,79,00,65,\
  00,72,00,5c,00,77,00,6d,00,70,00,72,00,70,00,68,00,2e,00,65,00,78,00,65,00,\
  00,00

[HKEY_LOCAL_MACHINE\Tmp_Software\Classes\CLSID\{0AA02E8D-F851-4CB0-9F64-BBA9BE7A983D}\InprocServer32]
@=hex(2):25,00,50,00,72,00,6f,00,67,00,72,00,61,00,6d,00,46,00,69,00,6c,00,65,\
  00,73,00,25,00,5c,00,57,00,69,00,6e,00,64,00,6f,00,77,00,73,00,20,00,4d,00,\
  65,00,64,00,69,00,61,00,20,00,50,00,6c,00,61,00,79,00,65,00,72,00,5c,00,6d,\
  00,70,00,76,00,69,00,73,00,2e,00,44,00,4c,00,4c,00,00,00

[HKEY_LOCAL_MACHINE\Tmp_Software\Classes\CLSID\{195B4D07-3DE2-4744-BBF2-D90121AE785B}\InprocServer32]
@=hex(2):25,00,50,00,72,00,6f,00,67,00,72,00,61,00,6d,00,46,00,69,00,6c,00,65,\
  00,73,00,25,00,5c,00,57,00,69,00,6e,00,64,00,6f,00,77,00,73,00,20,00,44,00,\
  65,00,66,00,65,00,6e,00,64,00,65,00,72,00,5c,00,44,00,65,00,66,00,65,00,6e,\
  00,64,00,65,00,72,00,43,00,53,00,50,00,2e,00,64,00,6c,00,6c,00,00,00

[HKEY_LOCAL_MACHINE\Tmp_Software\Classes\CLSID\{2781761E-28E0-4109-99FE-B9D127C57AFE}\InprocServer32]
@=hex(2):25,00,50,00,72,00,6f,00,67,00,72,00,61,00,6d,00,46,00,69,00,6c,00,65,\
  00,73,00,25,00,5c,00,57,00,69,00,6e,00,64,00,6f,00,77,00,73,00,20,00,44,00,\
  65,00,66,00,65,00,6e,00,64,00,65,00,72,00,5c,00,4d,00,70,00,4f,00,61,00,76,\
  00,2e,00,64,00,6c,00,6c,00,00,00

[HKEY_LOCAL_MACHINE\Tmp_Software\Classes\CLSID\{32624F4B-F1D5-4877-989E-555640109D2B}\InprocServer32]
@=hex(2):25,00,50,00,72,00,6f,00,67,00,72,00,61,00,6d,00,46,00,69,00,6c,00,65,\
  00,73,00,25,00,5c,00,57,00,69,00,6e,00,64,00,6f,00,77,00,73,00,20,00,50,00,\
  68,00,6f,00,74,00,6f,00,20,00,56,00,69,00,65,00,77,00,65,00,72,00,5c,00,50,\
  00,68,00,6f,00,74,00,6f,00,56,00,69,00,65,00,77,00,65,00,72,00,2e,00,64,00,\
  6c,00,6c,00,00,00

[HKEY_LOCAL_MACHINE\Tmp_Software\Classes\CLSID\{361290c0-cb1b-49ae-9f3e-ba1cbe5dab35}\InprocServer32]
@=hex(2):25,00,50,00,72,00,6f,00,67,00,72,00,61,00,6d,00,46,00,69,00,6c,00,65,\
  00,73,00,25,00,5c,00,57,00,69,00,6e,00,64,00,6f,00,77,00,73,00,20,00,44,00,\
  65,00,66,00,65,00,6e,00,64,00,65,00,72,00,5c,00,4d,00,70,00,50,00,72,00,6f,\
  00,76,00,69,00,64,00,65,00,72,00,2e,00,64,00,6c,00,6c,00,00,00

[HKEY_LOCAL_MACHINE\Tmp_Software\Classes\CLSID\{76D0CB12-7604-4048-B83C-1005C7DDC503}\InProcServer32]
@=hex(2):25,00,50,00,72,00,6f,00,67,00,72,00,61,00,6d,00,46,00,69,00,6c,00,65,\
  00,73,00,25,00,5c,00,57,00,69,00,6e,00,64,00,6f,00,77,00,73,00,20,00,50,00,\
  68,00,6f,00,74,00,6f,00,20,00,56,00,69,00,65,00,77,00,65,00,72,00,5c,00,50,\
  00,68,00,6f,00,74,00,6f,00,56,00,69,00,65,00,77,00,65,00,72,00,2e,00,64,00,\
  6c,00,6c,00,00,00

[HKEY_LOCAL_MACHINE\Tmp_Software\Classes\CLSID\{8a696d12-576b-422e-9712-01b9dd84b446}\InprocServer32]
@=hex(2):25,00,50,00,72,00,6f,00,67,00,72,00,61,00,6d,00,46,00,69,00,6c,00,65,\
  00,73,00,25,00,5c,00,57,00,69,00,6e,00,64,00,6f,00,77,00,73,00,20,00,44,00,\
  65,00,66,00,65,00,6e,00,64,00,65,00,72,00,5c,00,4d,00,70,00,50,00,72,00,6f,\
  00,76,00,69,00,64,00,65,00,72,00,2e,00,64,00,6c,00,6c,00,00,00

[HKEY_LOCAL_MACHINE\Tmp_Software\Classes\CLSID\{A7C452EF-8E9F-42EB-9F2B-245613CA0DC9}\InprocServer32]
@=hex(2):25,00,50,00,72,00,6f,00,67,00,72,00,61,00,6d,00,46,00,69,00,6c,00,65,\
  00,73,00,25,00,5c,00,57,00,69,00,6e,00,64,00,6f,00,77,00,73,00,20,00,44,00,\
  65,00,66,00,65,00,6e,00,64,00,65,00,72,00,5c,00,50,00,72,00,6f,00,74,00,65,\
  00,63,00,74,00,69,00,6f,00,6e,00,4d,00,61,00,6e,00,61,00,67,00,65,00,6d,00,\
  65,00,6e,00,74,00,2e,00,64,00,6c,00,6c,00,00,00

[HKEY_LOCAL_MACHINE\Tmp_Software\Classes\CLSID\{D63A1416-FCEC-4431-862F-E8056223DD03}\InprocServer32]
@=hex(2):25,00,50,00,72,00,6f,00,67,00,72,00,61,00,6d,00,46,00,69,00,6c,00,65,\
  00,73,00,25,00,5c,00,57,00,69,00,6e,00,64,00,6f,00,77,00,73,00,20,00,50,00,\
  68,00,6f,00,74,00,6f,00,20,00,56,00,69,00,65,00,77,00,65,00,72,00,5c,00,50,\
  00,68,00,6f,00,74,00,6f,00,56,00,69,00,65,00,77,00,65,00,72,00,2e,00,64,00,\
  6c,00,6c,00,00,00

[HKEY_LOCAL_MACHINE\Tmp_Software\Classes\CLSID\{DACA056E-216A-4FD1-84A6-C306A017ECEC}\InprocServer32]
@=hex(2):25,00,50,00,72,00,6f,00,67,00,72,00,61,00,6d,00,46,00,69,00,6c,00,65,\
  00,73,00,25,00,5c,00,57,00,69,00,6e,00,64,00,6f,00,77,00,73,00,20,00,44,00,\
  65,00,66,00,65,00,6e,00,64,00,65,00,72,00,5c,00,41,00,4d,00,4d,00,6f,00,6e,\
  00,69,00,74,00,6f,00,72,00,69,00,6e,00,67,00,50,00,72,00,6f,00,76,00,69,00,\
  64,00,65,00,72,00,2e,00,64,00,6c,00,6c,00,00,00

[HKEY_LOCAL_MACHINE\Tmp_Software\Classes\CLSID\{E598560B-28D5-46aa-A14A-8A3BEA34B576}\InProcServer32]
@=hex(2):25,00,50,00,72,00,6f,00,67,00,72,00,61,00,6d,00,46,00,69,00,6c,00,65,\
  00,73,00,25,00,5c,00,57,00,69,00,6e,00,64,00,6f,00,77,00,73,00,20,00,50,00,\
  68,00,6f,00,74,00,6f,00,20,00,56,00,69,00,65,00,77,00,65,00,72,00,5c,00,50,\
  00,68,00,6f,00,74,00,6f,00,56,00,69,00,65,00,77,00,65,00,72,00,2e,00,64,00,\
  6c,00,6c,00,00,00

[HKEY_LOCAL_MACHINE\Tmp_Software\Classes\CLSID\{FEEE9C23-C4E2-4A34-8C73-FE8F9786C8B4}\InprocServer32]
@=hex(2):25,00,50,00,72,00,6f,00,67,00,72,00,61,00,6d,00,46,00,69,00,6c,00,65,\
  00,73,00,25,00,5c,00,57,00,69,00,6e,00,64,00,6f,00,77,00,73,00,20,00,44,00,\
  65,00,66,00,65,00,6e,00,64,00,65,00,72,00,20,00,41,00,64,00,76,00,61,00,6e,\
  00,63,00,65,00,64,00,20,00,54,00,68,00,72,00,65,00,61,00,74,00,20,00,50,00,\
  72,00,6f,00,74,00,65,00,63,00,74,00,69,00,6f,00,6e,00,5c,00,57,00,41,00,54,\
  00,50,00,43,00,53,00,50,00,2e,00,64,00,6c,00,6c,00,00,00

[HKEY_LOCAL_MACHINE\Tmp_Software\Classes\CLSID\{FFE2A43C-56B9-4bf5-9A79-CC6D4285608A}\InProcServer32]
@=hex(2):25,00,50,00,72,00,6f,00,67,00,72,00,61,00,6d,00,46,00,69,00,6c,00,65,\
  00,73,00,25,00,5c,00,57,00,69,00,6e,00,64,00,6f,00,77,00,73,00,20,00,50,00,\
  68,00,6f,00,74,00,6f,00,20,00,56,00,69,00,65,00,77,00,65,00,72,00,5c,00,50,\
  00,68,00,6f,00,74,00,6f,00,56,00,69,00,65,00,77,00,65,00,72,00,2e,00,64,00,\
  6c,00,6c,00,00,00
